sklearn: 415.000000
custom: 398.000000
