sklearn: 413.000000
random forest was build and contain 23 trees
custom: 407.000000
